0010011001
0010011001
0010011001
0010011001
0001000000
0000110000
0010001111
0010011001
0010011001
0010011001
0010011001
0010011001
0001000011
0000110011
0010010100
0010011001
0010011001
0010011001
0010011001
0010011001
0010011001
0010011001
0010011001
0010101100
0010011001
0010011001
0010011001
0010011001
0010011001
0010011001
0010011001
0010101111
0010011001
0010011001
0010011001
0010011001
0010011001
0010011001
0010011001
0010011001
0010011001
0010011001
0010011001
0010011001
0010011001
0010011001
0010011001
0000101010
0010011001
0010011001
0010111101
0010011001
0010011001
0010011001
0010011001
0010011001
0010011001
0010011001
0001110001
0010011001
0000111101
0000101101
0010001010
0010011001
0010011001
0010000100
0010011001
0010011001
0010011001
0010011001
0010011001
0010000010
0010001000
0010011001
0010011001
0010011001
0010011001
0010011001
0010011001
0010000110
0010011001
0010011001
0010011001
0010011001
0010011001
0010011001
0010011001
0010011001
0010011001
0010011001
0010011001
0010011001
0010011001
0010011001
0010011001
0010011001
0010011001
0010011001
0010011001
0010011001
0010011001
0010011001
0010011001
0010011001
0010011001
0010011001
0010011001
0010011001
0010011001
0010011001
0010011001
0010011001
0010011001
0010011001
0010011001
0010011001
0010011001
0010011001
0000110110
0010011001
0001111110
0010000000
0010011001
0010011001
0010011001
0010011001
0010011001
0010011001
0000000101
0000001000
0010011001
0010011001
0010011001
0010011001
0010011001
0010011001
0010011001
0010011001
0010011001
0010011001
0010011001
0010011001
0010011001
0010011001
0011001001
0011001100
0010011001
0010011001
0010011001
0010011001
0010011001
0010011001
0010011001
0010011001
0010011001
0010011001
0010011001
0010011001
0010011001
0010011001
0000001011
0000001111
0010011001
0010011001
0010011001
0010011001
0010011001
0010011001
0011001111
0011010010
0010011001
0010011001
0010011001
0010011001
0010011001
0010011001
0010011010
0010011101
0010011001
0010011001
0010011001
0010011001
0010011001
0010011001
0010011001
0010011001
0010011001
0010011001
0010011001
0010011001
0010011001
0010011001
0010011001
0010011001
0001011011
0001010001
0010011001
0010011001
0010011001
0010011001
0010011001
0010110010
0001100110
0010011001
0010011001
0000011000
0010011001
0010011001
0010011001
0010011001
0010011001
0010100110
0010011001
0010011001
0010011001
0010011001
0010011001
0010011001
0010011001
0000110111
0010011001
0010011001
0010011001
0010011001
0010011001
0010011001
0010011001
0010011001
0010011001
0010011001
0000010011
0010011001
0010011001
0010011001
0010011001
0010011001
0010011001
0010011001
0011010101
0010011001
0010011001
0010011001
0010011001
0010011001
0010011001
0010011001
0010100000
0010011001
0010011001
0010011001
0001000110
0010011001
0010011001
0010011001
0010011001
0010011001
